1 19
1 27
1 38
1 39
1 41
1 51
1 52
1 84
1 91
1 93
2 19
2 27
2 39
2 41
2 51
2 52
2 84
2 93
3 14
3 19
3 27
3 38
3 39
3 41
3 51
3 52
3 58
3 81
3 84
3 91
3 93
4 14
4 19
4 27
4 38
4 39
4 41
4 51
4 52
4 58
4 84
4 91
4 93
5 14
5 19
5 27
5 38
5 39
5 41
5 51
5 52
5 58
5 84
5 91
5 93
6 14
6 19
6 27
6 38
6 39
6 41
6 51
6 52
6 58
6 84
6 91
6 93
7 19
7 27
7 38
7 39
7 41
7 51
7 52
7 58
7 84
7 91
7 93
8 19
8 27
8 39
8 41
8 51
8 52
8 84
8 93
9 19
9 27
9 39
9 41
9 51
9 52
9 84
9 93
10 19
10 27
10 38
10 39
10 41
10 51
10 52
10 84
10 91
10 93
11 14
11 19
11 27
11 38
11 39
11 41
11 51
11 52
11 58
11 84
11 91
11 93
12 19
12 27
12 38
12 39
12 41
12 51
12 52
12 84
12 91
12 93
13 19
13 27
13 39
13 41
13 51
13 52
13 84
13 93
14 17
14 18
14 19
14 20
14 24
14 25
14 27
14 32
14 33
14 34
14 39
14 40
14 41
14 44
14 47
14 48
14 51
14 52
14 53
14 54
14 59
14 65
14 66
14 70
14 72
14 73
14 79
14 80
14 84
14 87
14 88
14 92
14 93
14 95
14 96
14 100
15 19
15 27
15 39
15 41
15 51
15 52
15 84
15 93
16 19
16 27
16 38
16 39
16 41
16 51
16 52
16 84
16 91
16 93
17 19
17 27
17 38
17 39
17 41
17 51
17 52
17 58
17 71
17 81
17 84
17 91
17 93
18 19
18 27
18 38
18 39
18 41
18 51
18 52
18 58
18 84
18 91
18 93
19 20
19 21
19 22
19 23
19 24
19 25
19 26
19 27
19 28
19 29
19 30
19 31
19 32
19 33
19 34
19 35
19 36
19 37
19 38
19 39
19 40
19 41
19 42
19 43
19 44
19 45
19 46
19 47
19 48
19 49
19 50
19 51
19 52
19 53
19 54
19 55
19 56
19 57
19 58
19 59
19 60
19 61
19 62
19 63
19 64
19 65
19 66
19 67
19 68
19 69
19 70
19 71
19 72
19 73
19 74
19 75
19 76
19 77
19 78
19 79
19 80
19 81
19 82
19 83
19 84
19 85
19 86
19 87
19 88
19 89
19 90
19 91
19 92
19 93
19 94
19 95
19 96
19 97
19 98
19 99
19 100
20 27
20 38
20 39
20 41
20 51
20 52
20 58
20 84
20 91
20 93
21 27
21 39
21 41
21 51
21 52
21 84
21 91
21 93
22 27
22 38
22 39
22 41
22 51
22 52
22 58
22 84
22 91
22 93
23 27
23 39
23 41
23 51
23 52
23 84
23 91
23 93
24 27
24 38
24 39
24 41
24 51
24 52
24 58
24 81
24 84
24 91
24 93
25 27
25 38
25 39
25 41
25 51
25 52
25 58
25 71
25 81
25 84
25 91
25 93
26 27
26 38
26 39
26 41
26 51
26 52
26 58
26 84
26 91
26 93
27 28
27 29
27 30
27 31
27 32
27 33
27 34
27 35
27 36
27 37
27 38
27 39
27 40
27 41
27 42
27 43
27 44
27 45
27 46
27 47
27 48
27 49
27 50
27 51
27 52
27 53
27 54
27 55
27 56
27 57
27 58
27 59
27 60
27 61
27 62
27 63
27 64
27 65
27 66
27 67
27 68
27 69
27 70
27 71
27 72
27 73
27 74
27 75
27 76
27 77
27 78
27 79
27 80
27 81
27 82
27 83
27 84
27 85
27 86
27 87
27 88
27 89
27 90
27 91
27 92
27 93
27 94
27 95
27 96
27 97
27 98
27 99
27 100
28 38
28 39
28 41
28 51
28 52
28 58
28 84
28 91
28 93
29 39
29 41
29 51
29 52
29 84
29 93
30 38
30 39
30 41
30 51
30 52
30 58
30 84
30 91
30 93
31 38
31 39
31 41
31 51
31 52
31 84
31 93
32 38
32 39
32 41
32 51
32 52
32 58
32 84
32 91
32 93
33 38
33 39
33 41
33 51
33 52
33 58
33 84
33 91
33 93
34 38
34 39
34 41
34 51
34 52
34 58
34 71
34 81
34 84
34 91
34 93
35 38
35 39
35 41
35 51
35 52
35 58
35 84
35 91
35 93
36 38
36 39
36 41
36 51
36 52
36 58
36 84
36 91
36 93
37 38
37 39
37 41
37 51
37 52
37 58
37 84
37 91
37 93
38 40
38 41
38 43
38 44
38 45
38 47
38 48
38 49
38 51
38 52
38 53
38 54
38 55
38 56
38 57
38 59
38 63
38 65
38 66
38 67
38 68
38 69
38 70
38 72
38 73
38 74
38 76
38 79
38 80
38 82
38 83
38 84
38 85
38 87
38 88
38 90
38 92
38 93
38 94
38 95
38 96
38 97
38 99
38 100
39 40
39 41
39 42
39 43
39 44
39 45
39 46
39 47
39 48
39 49
39 50
39 51
39 52
39 53
39 54
39 55
39 56
39 57
39 59
39 60
39 61
39 62
39 63
39 64
39 65
39 66
39 67
39 68
39 69
39 70
39 72
39 73
39 74
39 75
39 76
39 77
39 78
39 79
39 80
39 81
39 82
39 83
39 84
39 85
39 86
39 87
39 88
39 89
39 90
39 92
39 93
39 94
39 95
39 96
39 97
39 98
39 99
39 100
40 41
40 51
40 52
40 58
40 84
40 91
40 93
41 42
41 43
41 44
41 45
41 46
41 47
41 48
41 49
41 50
41 51
41 52
41 53
41 54
41 55
41 56
41 57
41 58
41 59
41 60
41 61
41 62
41 63
41 64
41 65
41 66
41 67
41 68
41 69
41 70
41 71
41 72
41 73
41 74
41 75
41 76
41 77
41 78
41 79
41 80
41 81
41 82
41 83
41 84
41 85
41 86
41 87
41 88
41 89
41 90
41 91
41 92
41 93
41 94
41 95
41 96
41 97
41 98
41 99
41 100
42 51
42 52
42 84
42 93
43 51
43 52
43 84
43 91
43 93
44 51
44 52
44 58
44 84
44 91
44 93
45 51
45 52
45 84
45 93
46 51
46 52
46 84
46 93
47 51
47 52
47 58
47 84
47 91
47 93
48 51
48 52
48 58
48 71
48 81
48 84
48 91
48 93
49 51
49 52
49 84
49 93
50 51
50 52
50 84
50 93
51 52
51 53
51 54
51 55
51 56
51 57
51 58
51 59
51 60
51 61
51 62
51 63
51 64
51 65
51 66
51 67
51 68
51 69
51 70
51 71
51 72
51 73
51 74
51 75
51 76
51 77
51 78
51 79
51 80
51 81
51 82
51 83
51 84
51 85
51 86
51 87
51 88
51 89
51 90
51 91
51 92
51 93
51 94
51 95
51 96
51 97
51 98
51 99
51 100
52 53
52 54
52 55
52 56
52 57
52 58
52 59
52 60
52 61
52 62
52 63
52 64
52 65
52 66
52 67
52 68
52 69
52 70
52 71
52 72
52 73
52 74
52 75
52 76
52 77
52 78
52 79
52 80
52 81
52 82
52 83
52 84
52 85
52 86
52 87
52 88
52 89
52 90
52 91
52 92
52 93
52 94
52 95
52 96
52 97
52 98
52 99
52 100
53 58
53 84
53 91
53 93
54 58
54 84
54 91
54 93
55 84
55 93
56 84
56 91
56 93
57 58
57 84
57 91
57 93
58 59
58 65
58 66
58 70
58 72
58 73
58 79
58 80
58 84
58 87
58 88
58 90
58 92
58 93
58 95
58 96
58 97
58 99
58 100
59 84
59 91
59 93
60 84
60 93
60 95
61 84
61 93
62 84
62 93
63 84
63 91
63 93
64 84
64 93
65 71
65 81
65 84
65 91
65 93
66 84
66 91
66 93
67 84
67 91
67 93
68 84
68 91
68 93
69 84
69 91
69 93
70 81
70 84
70 91
70 93
71 79
71 84
71 88
71 93
71 95
72 84
72 91
72 93
73 84
73 91
73 93
74 84
74 91
74 93
75 84
75 91
75 93
76 84
76 91
76 93
77 84
77 93
78 84
78 93
79 81
79 84
79 91
79 93
80 84
80 91
80 93
81 84
81 88
81 93
81 95
82 84
82 91
82 93
83 84
83 93
84 85
84 86
84 87
84 88
84 89
84 90
84 91
84 92
84 93
84 94
84 95
84 96
84 97
84 98
84 99
84 100
85 93
86 93
87 91
87 93
88 91
88 93
89 93
90 91
90 93
91 92
91 93
91 94
91 95
91 96
91 97
91 99
91 100
92 93
93 94
93 95
93 96
93 97
93 98
93 99
93 100
